000
-5.335938e+000
4.570313e-001
2.265625e-001
1.484375e-001
8.984375e-002
5.859375e-002
2.343750e-002
000
-2.343750e-002
-5.859375e-002
-8.984375e-002
-1.484375e-001
-2.265625e-001
-4.570313e-001
5.335938e+000
000
-2.832031e+000
2.421875e-001
1.210938e-001
8.203125e-002
5.078125e-002
2.343750e-002
1.562500e-002
000
-1.562500e-002
-2.343750e-002
-5.078125e-002
-8.203125e-002
-1.210938e-001
-2.421875e-001
2.832031e+000
000
9.375000e-002
000
-1.171875e-002
-3.906250e-003
000
000
000
000
000
000
000
3.906250e-003
1.171875e-002
000
-9.375000e-002
000
3.007813e+000
-2.656250e-001
-1.210938e-001
-9.375000e-002
-5.468750e-002
-3.125000e-002
-1.562500e-002
000
1.562500e-002
3.125000e-002
5.468750e-002
9.375000e-002
1.210938e-001
2.656250e-001
-3.007813e+000
000
5.464844e+000
-4.687500e-001
-2.382813e-001
-1.445313e-001
-9.375000e-002
-6.250000e-002
-2.343750e-002
000
2.343750e-002
6.250000e-002
9.375000e-002
1.445313e-001
2.382813e-001
4.687500e-001
-5.464844e+000
000
7.093750e+000
-6.132813e-001
-3.164063e-001
-1.914063e-001
-1.250000e-001
-7.421875e-002
-3.906250e-002
000
3.906250e-002
7.421875e-002
1.250000e-001
1.914063e-001
3.164063e-001
6.132813e-001
-7.093750e+000
000
7.640625e+000
-6.640625e-001
-3.476563e-001
-2.070313e-001
-1.406250e-001
-7.812500e-002
-3.906250e-002
000
3.906250e-002
7.812500e-002
1.406250e-001
2.070313e-001
3.476563e-001
6.640625e-001
-7.640625e+000
000
7.023438e+000
-6.093750e-001
-3.085938e-001
-1.914063e-001
-1.210938e-001
-7.812500e-002
-3.515625e-002
000
3.515625e-002
7.812500e-002
1.210938e-001
1.914063e-001
3.085938e-001
6.093750e-001
-7.023438e+000
000
5.335938e+000
-4.570313e-001
-2.265625e-001
-1.484375e-001
-8.984375e-002
-5.859375e-002
-2.343750e-002
000
2.343750e-002
5.859375e-002
8.984375e-002
1.484375e-001
2.265625e-001
4.570313e-001
-5.335938e+000
000
2.832031e+000
-2.421875e-001
-1.210938e-001
-8.203125e-002
-5.078125e-002
-2.343750e-002
-1.562500e-002
000
1.562500e-002
2.343750e-002
5.078125e-002
8.203125e-002
1.210938e-001
2.421875e-001
-2.832031e+000
000
-9.375000e-002
000
1.171875e-002
3.906250e-003
000
000
000
000
000
000
000
-3.906250e-003
-1.171875e-002
000
9.375000e-002
000
-3.007813e+000
2.656250e-001
1.210938e-001
9.375000e-002
5.468750e-002
3.125000e-002
1.562500e-002
000
-1.562500e-002
-3.125000e-002
-5.468750e-002
-9.375000e-002
-1.210938e-001
-2.656250e-001
3.007813e+000
000
-5.464844e+000
4.687500e-001
2.382813e-001
1.445313e-001
9.375000e-002
6.250000e-002
2.343750e-002
000
-2.343750e-002
-6.250000e-002
-9.375000e-002
-1.445313e-001
-2.382813e-001
-4.687500e-001
5.464844e+000
000
-7.093750e+000
6.132813e-001
3.164063e-001
1.914063e-001
1.250000e-001
7.421875e-002
3.906250e-002
000
-3.906250e-002
-7.421875e-002
-1.250000e-001
-1.914063e-001
-3.164063e-001
-6.132813e-001
7.093750e+000
000
-7.640625e+000
6.640625e-001
3.476563e-001
2.070313e-001
1.406250e-001
7.812500e-002
3.906250e-002
000
-3.906250e-002
-7.812500e-002
-1.406250e-001
-2.070313e-001
-3.476563e-001
-6.640625e-001
7.640625e+000
000
-7.023438e+000
6.093750e-001
3.085938e-001
1.914063e-001
1.210938e-001
7.812500e-002
3.515625e-002
000
-3.515625e-002
-7.812500e-002
-1.210938e-001
-1.914063e-001
-3.085938e-001
-6.093750e-001
7.023438e+000
000
-5.335938e+000
4.570313e-001
2.265625e-001
1.484375e-001
8.984375e-002
5.859375e-002
2.343750e-002
000
-2.343750e-002
-5.859375e-002
-8.984375e-002
-1.484375e-001
-2.265625e-001
-4.570313e-001
5.335938e+000
000
-2.832031e+000
2.421875e-001
1.210938e-001
8.203125e-002
5.078125e-002
2.343750e-002
1.562500e-002
000
-1.562500e-002
-2.343750e-002
-5.078125e-002
-8.203125e-002
-1.210938e-001
-2.421875e-001
2.832031e+000
000
9.375000e-002
000
-1.171875e-002
-3.906250e-003
000
000
000
000
000
000
000
3.906250e-003
1.171875e-002
000
-9.375000e-002
000
3.007813e+000
-2.656250e-001
-1.210938e-001
-9.375000e-002
-5.468750e-002
-3.125000e-002
-1.562500e-002
000
1.562500e-002
3.125000e-002
5.468750e-002
9.375000e-002
1.210938e-001
2.656250e-001
-3.007813e+000
000
5.464844e+000
-4.687500e-001
-2.382813e-001
-1.445313e-001
-9.375000e-002
-6.250000e-002
-2.343750e-002
000
2.343750e-002
6.250000e-002
9.375000e-002
1.445313e-001
2.382813e-001
4.687500e-001
-5.464844e+000
000
7.093750e+000
-6.132813e-001
-3.164063e-001
-1.914063e-001
-1.250000e-001
-7.421875e-002
-3.906250e-002
000
3.906250e-002
7.421875e-002
1.250000e-001
1.914063e-001
3.164063e-001
6.132813e-001
-7.093750e+000
000
7.640625e+000
-6.640625e-001
-3.476563e-001
-2.070313e-001
-1.406250e-001
-7.812500e-002
-3.906250e-002
000
3.906250e-002
7.812500e-002
1.406250e-001
2.070313e-001
3.476563e-001
6.640625e-001
-7.640625e+000
000
7.023438e+000
-6.093750e-001
-3.085938e-001
-1.914063e-001
-1.210938e-001
-7.812500e-002
-3.515625e-002
000
3.515625e-002
7.812500e-002
1.210938e-001
1.914063e-001
3.085938e-001
6.093750e-001
-7.023438e+000
000
5.335938e+000
-4.570313e-001
-2.265625e-001
-1.484375e-001
-8.984375e-002
-5.859375e-002
-2.343750e-002
000
2.343750e-002
5.859375e-002
8.984375e-002
1.484375e-001
2.265625e-001
4.570313e-001
-5.335938e+000
000
2.832031e+000
-2.421875e-001
-1.210938e-001
-8.203125e-002
-5.078125e-002
-2.343750e-002
-1.562500e-002
000
1.562500e-002
2.343750e-002
5.078125e-002
8.203125e-002
1.210938e-001
2.421875e-001
-2.832031e+000
000
-9.375000e-002
000
1.171875e-002
3.906250e-003
000
000
000
000
000
000
000
-3.906250e-003
-1.171875e-002
000
9.375000e-002
000
-3.007813e+000
2.656250e-001
1.210938e-001
9.375000e-002
5.468750e-002
3.125000e-002
1.562500e-002
000
-1.562500e-002
-3.125000e-002
-5.468750e-002
-9.375000e-002
-1.210938e-001
-2.656250e-001
3.007813e+000
000
-5.464844e+000
4.687500e-001
2.382813e-001
1.445313e-001
9.375000e-002
6.250000e-002
2.343750e-002
000
-2.343750e-002
-6.250000e-002
-9.375000e-002
-1.445313e-001
-2.382813e-001
-4.687500e-001
5.464844e+000
000
-7.093750e+000
6.132813e-001
3.164063e-001
1.914063e-001
1.250000e-001
7.421875e-002
3.906250e-002
000
-3.906250e-002
-7.421875e-002
-1.250000e-001
-1.914063e-001
-3.164063e-001
-6.132813e-001
7.093750e+000
000
-7.640625e+000
6.640625e-001
3.476563e-001
2.070313e-001
1.406250e-001
7.812500e-002
3.906250e-002
000
-3.906250e-002
-7.812500e-002
-1.406250e-001
-2.070313e-001
-3.476563e-001
-6.640625e-001
7.640625e+000
000
-7.023438e+000
6.093750e-001
3.085938e-001
1.914063e-001
1.210938e-001
7.812500e-002
3.515625e-002
000
-3.515625e-002
-7.812500e-002
-1.210938e-001
-1.914063e-001
-3.085938e-001
-6.093750e-001
7.023438e+000
000
-5.335938e+000
4.570313e-001
2.265625e-001
1.484375e-001
8.984375e-002
5.859375e-002
2.343750e-002
000
-2.343750e-002
-5.859375e-002
-8.984375e-002
-1.484375e-001
-2.265625e-001
-4.570313e-001
5.335938e+000
000
-2.832031e+000
2.421875e-001
1.210938e-001
8.203125e-002
5.078125e-002
2.343750e-002
1.562500e-002
000
-1.562500e-002
-2.343750e-002
-5.078125e-002
-8.203125e-002
-1.210938e-001
-2.421875e-001
2.832031e+000
000
9.375000e-002
000
-1.171875e-002
-3.906250e-003
000
000
000
000
000
000
000
3.906250e-003
1.171875e-002
000
-9.375000e-002
000
3.007813e+000
-2.656250e-001
-1.210938e-001
-9.375000e-002
-5.468750e-002
-3.125000e-002
-1.562500e-002
000
1.562500e-002
3.125000e-002
5.468750e-002
9.375000e-002
1.210938e-001
2.656250e-001
-3.007813e+000
000
5.464844e+000
-4.687500e-001
-2.382813e-001
-1.445313e-001
-9.375000e-002
-6.250000e-002
-2.343750e-002
000
2.343750e-002
6.250000e-002
9.375000e-002
1.445313e-001
2.382813e-001
4.687500e-001
-5.464844e+000
000
7.093750e+000
-6.132813e-001
-3.164063e-001
-1.914063e-001
-1.250000e-001
-7.421875e-002
-3.906250e-002
000
3.906250e-002
7.421875e-002
1.250000e-001
1.914063e-001
3.164063e-001
6.132813e-001
-7.093750e+000
000
7.640625e+000
-6.640625e-001
-3.476563e-001
-2.070313e-001
-1.406250e-001
-7.812500e-002
-3.906250e-002
000
3.906250e-002
7.812500e-002
1.406250e-001
2.070313e-001
3.476563e-001
6.640625e-001
-7.640625e+000
000
7.023438e+000
-6.093750e-001
-3.085938e-001
-1.914063e-001
-1.210938e-001
-7.812500e-002
-3.515625e-002
000
3.515625e-002
7.812500e-002
1.210938e-001
1.914063e-001
3.085938e-001
6.093750e-001
-7.023438e+000
000
5.335938e+000
-4.570313e-001
-2.265625e-001
-1.484375e-001
-8.984375e-002
-5.859375e-002
-2.343750e-002
000
2.343750e-002
5.859375e-002
8.984375e-002
1.484375e-001
2.265625e-001
4.570313e-001
-5.335938e+000
000
2.832031e+000
-2.421875e-001
-1.210938e-001
-8.203125e-002
-5.078125e-002
-2.343750e-002
-1.562500e-002
000
1.562500e-002
2.343750e-002
5.078125e-002
8.203125e-002
1.210938e-001
2.421875e-001
-2.832031e+000
000
-9.375000e-002
000
1.171875e-002
3.906250e-003
000
000
000
000
000
000
000
-3.906250e-003
-1.171875e-002
000
9.375000e-002
000
-3.007813e+000
2.656250e-001
1.210938e-001
9.375000e-002
5.468750e-002
3.125000e-002
1.562500e-002
000
-1.562500e-002
-3.125000e-002
-5.468750e-002
-9.375000e-002
-1.210938e-001
-2.656250e-001
3.007813e+000
000
-5.464844e+000
4.687500e-001
2.382813e-001
1.445313e-001
9.375000e-002
6.250000e-002
2.343750e-002
000
-2.343750e-002
-6.250000e-002
-9.375000e-002
-1.445313e-001
-2.382813e-001
-4.687500e-001
5.464844e+000
000
-7.093750e+000
6.132813e-001
3.164063e-001
1.914063e-001
1.250000e-001
7.421875e-002
3.906250e-002
000
-3.906250e-002
-7.421875e-002
-1.250000e-001
-1.914063e-001
-3.164063e-001
-6.132813e-001
7.093750e+000
000
-7.640625e+000
6.640625e-001
3.476563e-001
2.070313e-001
1.406250e-001
7.812500e-002
3.906250e-002
000
-3.906250e-002
-7.812500e-002
-1.406250e-001
-2.070313e-001
-3.476563e-001
-6.640625e-001
7.640625e+000
000
-7.023438e+000
6.093750e-001
3.085938e-001
1.914063e-001
1.210938e-001
7.812500e-002
3.515625e-002
000
-3.515625e-002
-7.812500e-002
-1.210938e-001
-1.914063e-001
-3.085938e-001
-6.093750e-001
7.023438e+000
000
-5.335938e+000
4.570313e-001
2.265625e-001
1.484375e-001
8.984375e-002
5.859375e-002
2.343750e-002
000
-2.343750e-002
-5.859375e-002
-8.984375e-002
-1.484375e-001
-2.265625e-001
-4.570313e-001
5.335938e+000
000
-2.832031e+000
2.421875e-001
1.210938e-001
8.203125e-002
5.078125e-002
2.343750e-002
1.562500e-002
000
-1.562500e-002
-2.343750e-002
-5.078125e-002
-8.203125e-002
-1.210938e-001
-2.421875e-001
2.832031e+000
000
9.375000e-002
000
-1.171875e-002
-3.906250e-003
000
000
000
000
000
000
000
3.906250e-003
1.171875e-002
000
-9.375000e-002
000
3.007813e+000
-2.656250e-001
-1.210938e-001
-9.375000e-002
-5.468750e-002
-3.125000e-002
-1.562500e-002
000
1.562500e-002
3.125000e-002
5.468750e-002
9.375000e-002
1.210938e-001
2.656250e-001
-3.007813e+000
000
5.464844e+000
-4.687500e-001
-2.382813e-001
-1.445313e-001
-9.375000e-002
-6.250000e-002
-2.343750e-002
000
2.343750e-002
6.250000e-002
9.375000e-002
1.445313e-001
2.382813e-001
4.687500e-001
-5.464844e+000
000
7.093750e+000
-6.132813e-001
-3.164063e-001
-1.914063e-001
-1.250000e-001
-7.421875e-002
-3.906250e-002
000
3.906250e-002
7.421875e-002
1.250000e-001
1.914063e-001
3.164063e-001
6.132813e-001
-7.093750e+000
000
7.640625e+000
-6.640625e-001
-3.476563e-001
-2.070313e-001
-1.406250e-001
-7.812500e-002
-3.906250e-002
000
3.906250e-002
7.812500e-002
1.406250e-001
2.070313e-001
3.476563e-001
6.640625e-001
-7.640625e+000
000
7.023438e+000
-6.093750e-001
-3.085938e-001
-1.914063e-001
-1.210938e-001
-7.812500e-002
-3.515625e-002
000
3.515625e-002
7.812500e-002
1.210938e-001
1.914063e-001
3.085938e-001
6.093750e-001
-7.023438e+000
000
5.335938e+000
-4.570313e-001
-2.265625e-001
-1.484375e-001
-8.984375e-002
-5.859375e-002
-2.343750e-002
000
2.343750e-002
5.859375e-002
8.984375e-002
1.484375e-001
2.265625e-001
4.570313e-001
-5.335938e+000
000
2.832031e+000
-2.421875e-001
-1.210938e-001
-8.203125e-002
-5.078125e-002
-2.343750e-002
-1.562500e-002
000
1.562500e-002
2.343750e-002
5.078125e-002
8.203125e-002
1.210938e-001
2.421875e-001
-2.832031e+000
000
-9.375000e-002
000
1.171875e-002
3.906250e-003
000
000
000
000
000
000
000
-3.906250e-003
-1.171875e-002
000
9.375000e-002
000
-3.007813e+000
2.656250e-001
1.210938e-001
9.375000e-002
5.468750e-002
3.125000e-002
1.562500e-002
000
-1.562500e-002
-3.125000e-002
-5.468750e-002
-9.375000e-002
-1.210938e-001
-2.656250e-001
3.007813e+000
000
-5.464844e+000
4.687500e-001
2.382813e-001
1.445313e-001
9.375000e-002
6.250000e-002
2.343750e-002
000
-2.343750e-002
-6.250000e-002
-9.375000e-002
-1.445313e-001
-2.382813e-001
-4.687500e-001
5.464844e+000
000
-7.093750e+000
6.132813e-001
3.164063e-001
1.914063e-001
1.250000e-001
7.421875e-002
3.906250e-002
000
-3.906250e-002
-7.421875e-002
-1.250000e-001
-1.914063e-001
-3.164063e-001
-6.132813e-001
7.093750e+000
000
-7.527344e+000
5.898438e-001
1.406250e-001
5.859375e-002
3.515625e-002
1.953125e-002
7.812500e-003
000
-7.812500e-003
-1.953125e-002
-3.515625e-002
-5.859375e-002
-1.406250e-001
-5.898438e-001
7.527344e+000
000
-1.289063e-001
-1.406250e-001
2.734375e-002
4.687500e-002
2.734375e-002
1.953125e-002
7.812500e-003
000
-7.812500e-003
-1.953125e-002
-2.734375e-002
-4.687500e-002
-2.734375e-002
1.406250e-001
1.289063e-001
