5.195313e-001
5.656250e+000
-4.101563e-001
-2.460938e-001
-1.914063e-001
-1.757813e-001
-1.640625e-001
-1.679688e-001
-1.679688e-001
-1.679688e-001
-1.640625e-001
-1.757813e-001
-1.914063e-001
-2.460938e-001
-4.101563e-001
5.656250e+000
7.812500e-001
7.441406e+000
-4.179688e-001
-2.070313e-001
-1.445313e-001
-1.210938e-001
-1.171875e-001
-1.054688e-001
-1.015625e-001
-1.093750e-001
-1.171875e-001
-1.210938e-001
-1.445313e-001
-2.070313e-001
-4.179688e-001
7.441406e+000
9.179688e-001
8.101563e+000
-3.789063e-001
-1.367188e-001
-9.375000e-002
-5.859375e-002
-3.906250e-002
-3.906250e-002
-4.296875e-002
-3.906250e-002
-3.906250e-002
-5.859375e-002
-9.375000e-002
-1.367188e-001
-3.789063e-001
8.101563e+000
9.179688e-001
7.519531e+000
-2.695313e-001
-6.250000e-002
-3.906250e-003
1.953125e-002
2.734375e-002
3.515625e-002
4.296875e-002
3.515625e-002
2.734375e-002
1.953125e-002
-3.906250e-003
-6.250000e-002
-2.695313e-001
7.519531e+000
7.812500e-001
5.789063e+000
-1.210938e-001
3.125000e-002
8.203125e-002
9.765625e-002
9.765625e-002
1.054688e-001
1.015625e-001
1.054688e-001
9.765625e-002
9.765625e-002
8.203125e-002
3.125000e-002
-1.210938e-001
5.789063e+000
5.195313e-001
3.183594e+000
3.125000e-002
1.171875e-001
1.484375e-001
1.523438e-001
1.601563e-001
1.679688e-001
1.679688e-001
1.679688e-001
1.601563e-001
1.523438e-001
1.484375e-001
1.171875e-001
3.125000e-002
3.183594e+000
1.796875e-001
8.984375e-002
1.953125e-001
1.914063e-001
1.914063e-001
1.914063e-001
1.914063e-001
1.914063e-001
1.875000e-001
1.914063e-001
1.914063e-001
1.914063e-001
1.914063e-001
1.914063e-001
1.953125e-001
8.984375e-002
-1.796875e-001
-3.007813e+000
3.281250e-001
2.460938e-001
2.070313e-001
2.031250e-001
1.914063e-001
1.914063e-001
1.875000e-001
1.914063e-001
1.914063e-001
2.031250e-001
2.070313e-001
2.460938e-001
3.281250e-001
-3.007813e+000
-5.195313e-001
-5.656250e+000
4.101563e-001
2.460938e-001
1.914063e-001
1.757813e-001
1.640625e-001
1.679688e-001
1.679688e-001
1.679688e-001
1.640625e-001
1.757813e-001
1.914063e-001
2.460938e-001
4.101563e-001
-5.656250e+000
-7.812500e-001
-7.441406e+000
4.179688e-001
2.070313e-001
1.445313e-001
1.210938e-001
1.171875e-001
1.054688e-001
1.015625e-001
1.093750e-001
1.171875e-001
1.210938e-001
1.445313e-001
2.070313e-001
4.179688e-001
-7.441406e+000
-9.179688e-001
-8.101563e+000
3.789063e-001
1.367188e-001
9.375000e-002
5.859375e-002
3.906250e-002
3.906250e-002
4.296875e-002
3.906250e-002
3.906250e-002
5.859375e-002
9.375000e-002
1.367188e-001
3.789063e-001
-8.101563e+000
-9.179688e-001
-7.519531e+000
2.695313e-001
6.250000e-002
3.906250e-003
-1.953125e-002
-2.734375e-002
-3.515625e-002
-4.296875e-002
-3.515625e-002
-2.734375e-002
-1.953125e-002
3.906250e-003
6.250000e-002
2.695313e-001
-7.519531e+000
-7.812500e-001
-5.789063e+000
1.210938e-001
-3.125000e-002
-8.203125e-002
-9.765625e-002
-9.765625e-002
-1.054688e-001
-1.015625e-001
-1.054688e-001
-9.765625e-002
-9.765625e-002
-8.203125e-002
-3.125000e-002
1.210938e-001
-5.789063e+000
-5.195313e-001
-3.183594e+000
-3.125000e-002
-1.171875e-001
-1.484375e-001
-1.523438e-001
-1.601563e-001
-1.679688e-001
-1.679688e-001
-1.679688e-001
-1.601563e-001
-1.523438e-001
-1.484375e-001
-1.171875e-001
-3.125000e-002
-3.183594e+000
-1.796875e-001
-8.984375e-002
-1.953125e-001
-1.914063e-001
-1.914063e-001
-1.914063e-001
-1.914063e-001
-1.914063e-001
-1.875000e-001
-1.914063e-001
-1.914063e-001
-1.914063e-001
-1.914063e-001
-1.914063e-001
-1.953125e-001
-8.984375e-002
1.796875e-001
3.007813e+000
-3.281250e-001
-2.460938e-001
-2.070313e-001
-2.031250e-001
-1.914063e-001
-1.914063e-001
-1.875000e-001
-1.914063e-001
-1.914063e-001
-2.031250e-001
-2.070313e-001
-2.460938e-001
-3.281250e-001
3.007813e+000
5.195313e-001
5.656250e+000
-4.101563e-001
-2.460938e-001
-1.914063e-001
-1.757813e-001
-1.640625e-001
-1.679688e-001
-1.679688e-001
-1.679688e-001
-1.640625e-001
-1.757813e-001
-1.914063e-001
-2.460938e-001
-4.101563e-001
5.656250e+000
7.812500e-001
7.441406e+000
-4.179688e-001
-2.070313e-001
-1.445313e-001
-1.210938e-001
-1.171875e-001
-1.054688e-001
-1.015625e-001
-1.093750e-001
-1.171875e-001
-1.210938e-001
-1.445313e-001
-2.070313e-001
-4.179688e-001
7.441406e+000
9.179688e-001
8.101563e+000
-3.789063e-001
-1.367188e-001
-9.375000e-002
-5.859375e-002
-3.906250e-002
-3.906250e-002
-4.296875e-002
-3.906250e-002
-3.906250e-002
-5.859375e-002
-9.375000e-002
-1.367188e-001
-3.789063e-001
8.101563e+000
9.179688e-001
7.519531e+000
-2.695313e-001
-6.250000e-002
-3.906250e-003
1.953125e-002
2.734375e-002
3.515625e-002
4.296875e-002
3.515625e-002
2.734375e-002
1.953125e-002
-3.906250e-003
-6.250000e-002
-2.695313e-001
7.519531e+000
7.812500e-001
5.789063e+000
-1.210938e-001
3.125000e-002
8.203125e-002
9.765625e-002
9.765625e-002
1.054688e-001
1.015625e-001
1.054688e-001
9.765625e-002
9.765625e-002
8.203125e-002
3.125000e-002
-1.210938e-001
5.789063e+000
5.195313e-001
3.183594e+000
3.125000e-002
1.171875e-001
1.484375e-001
1.523438e-001
1.601563e-001
1.679688e-001
1.679688e-001
1.679688e-001
1.601563e-001
1.523438e-001
1.484375e-001
1.171875e-001
3.125000e-002
3.183594e+000
1.796875e-001
8.984375e-002
1.953125e-001
1.914063e-001
1.914063e-001
1.914063e-001
1.914063e-001
1.914063e-001
1.875000e-001
1.914063e-001
1.914063e-001
1.914063e-001
1.914063e-001
1.914063e-001
1.953125e-001
8.984375e-002
-1.796875e-001
-3.007813e+000
3.281250e-001
2.460938e-001
2.070313e-001
2.031250e-001
1.914063e-001
1.914063e-001
1.875000e-001
1.914063e-001
1.914063e-001
2.031250e-001
2.070313e-001
2.460938e-001
3.281250e-001
-3.007813e+000
-5.195313e-001
-5.656250e+000
4.101563e-001
2.460938e-001
1.914063e-001
1.757813e-001
1.640625e-001
1.679688e-001
1.679688e-001
1.679688e-001
1.640625e-001
1.757813e-001
1.914063e-001
2.460938e-001
4.101563e-001
-5.656250e+000
-7.812500e-001
-7.441406e+000
4.179688e-001
2.070313e-001
1.445313e-001
1.210938e-001
1.171875e-001
1.054688e-001
1.015625e-001
1.093750e-001
1.171875e-001
1.210938e-001
1.445313e-001
2.070313e-001
4.179688e-001
-7.441406e+000
-9.179688e-001
-8.101563e+000
3.789063e-001
1.367188e-001
9.375000e-002
5.859375e-002
3.906250e-002
3.906250e-002
4.296875e-002
3.906250e-002
3.906250e-002
5.859375e-002
9.375000e-002
1.367188e-001
3.789063e-001
-8.101563e+000
-9.179688e-001
-7.519531e+000
2.695313e-001
6.250000e-002
3.906250e-003
-1.953125e-002
-2.734375e-002
-3.515625e-002
-4.296875e-002
-3.515625e-002
-2.734375e-002
-1.953125e-002
3.906250e-003
6.250000e-002
2.695313e-001
-7.519531e+000
-7.812500e-001
-5.789063e+000
1.210938e-001
-3.125000e-002
-8.203125e-002
-9.765625e-002
-9.765625e-002
-1.054688e-001
-1.015625e-001
-1.054688e-001
-9.765625e-002
-9.765625e-002
-8.203125e-002
-3.125000e-002
1.210938e-001
-5.789063e+000
-5.195313e-001
-3.183594e+000
-3.125000e-002
-1.171875e-001
-1.484375e-001
-1.523438e-001
-1.601563e-001
-1.679688e-001
-1.679688e-001
-1.679688e-001
-1.601563e-001
-1.523438e-001
-1.484375e-001
-1.171875e-001
-3.125000e-002
-3.183594e+000
-1.796875e-001
-8.984375e-002
-1.953125e-001
-1.914063e-001
-1.914063e-001
-1.914063e-001
-1.914063e-001
-1.914063e-001
-1.875000e-001
-1.914063e-001
-1.914063e-001
-1.914063e-001
-1.914063e-001
-1.914063e-001
-1.953125e-001
-8.984375e-002
1.796875e-001
3.007813e+000
-3.281250e-001
-2.460938e-001
-2.070313e-001
-2.031250e-001
-1.914063e-001
-1.914063e-001
-1.875000e-001
-1.914063e-001
-1.914063e-001
-2.031250e-001
-2.070313e-001
-2.460938e-001
-3.281250e-001
3.007813e+000
5.195313e-001
5.656250e+000
-4.101563e-001
-2.460938e-001
-1.914063e-001
-1.757813e-001
-1.640625e-001
-1.679688e-001
-1.679688e-001
-1.679688e-001
-1.640625e-001
-1.757813e-001
-1.914063e-001
-2.460938e-001
-4.101563e-001
5.656250e+000
7.812500e-001
7.441406e+000
-4.179688e-001
-2.070313e-001
-1.445313e-001
-1.210938e-001
-1.171875e-001
-1.054688e-001
-1.015625e-001
-1.093750e-001
-1.171875e-001
-1.210938e-001
-1.445313e-001
-2.070313e-001
-4.179688e-001
7.441406e+000
9.179688e-001
8.101563e+000
-3.789063e-001
-1.367188e-001
-9.375000e-002
-5.859375e-002
-3.906250e-002
-3.906250e-002
-4.296875e-002
-3.906250e-002
-3.906250e-002
-5.859375e-002
-9.375000e-002
-1.367188e-001
-3.789063e-001
8.101563e+000
9.179688e-001
7.519531e+000
-2.695313e-001
-6.250000e-002
-3.906250e-003
1.953125e-002
2.734375e-002
3.515625e-002
4.296875e-002
3.515625e-002
2.734375e-002
1.953125e-002
-3.906250e-003
-6.250000e-002
-2.695313e-001
7.519531e+000
7.812500e-001
5.789063e+000
-1.210938e-001
3.125000e-002
8.203125e-002
9.765625e-002
9.765625e-002
1.054688e-001
1.015625e-001
1.054688e-001
9.765625e-002
9.765625e-002
8.203125e-002
3.125000e-002
-1.210938e-001
5.789063e+000
5.195313e-001
3.183594e+000
3.125000e-002
1.171875e-001
1.484375e-001
1.523438e-001
1.601563e-001
1.679688e-001
1.679688e-001
1.679688e-001
1.601563e-001
1.523438e-001
1.484375e-001
1.171875e-001
3.125000e-002
3.183594e+000
1.796875e-001
8.984375e-002
1.953125e-001
1.914063e-001
1.914063e-001
1.914063e-001
1.914063e-001
1.914063e-001
1.875000e-001
1.914063e-001
1.914063e-001
1.914063e-001
1.914063e-001
1.914063e-001
1.953125e-001
8.984375e-002
-1.796875e-001
-3.007813e+000
3.281250e-001
2.460938e-001
2.070313e-001
2.031250e-001
1.914063e-001
1.914063e-001
1.875000e-001
1.914063e-001
1.914063e-001
2.031250e-001
2.070313e-001
2.460938e-001
3.281250e-001
-3.007813e+000
-5.195313e-001
-5.656250e+000
4.101563e-001
2.460938e-001
1.914063e-001
1.757813e-001
1.640625e-001
1.679688e-001
1.679688e-001
1.679688e-001
1.640625e-001
1.757813e-001
1.914063e-001
2.460938e-001
4.101563e-001
-5.656250e+000
-7.812500e-001
-7.441406e+000
4.179688e-001
2.070313e-001
1.445313e-001
1.210938e-001
1.171875e-001
1.054688e-001
1.015625e-001
1.093750e-001
1.171875e-001
1.210938e-001
1.445313e-001
2.070313e-001
4.179688e-001
-7.441406e+000
-9.179688e-001
-8.101563e+000
3.789063e-001
1.367188e-001
9.375000e-002
5.859375e-002
3.906250e-002
3.906250e-002
4.296875e-002
3.906250e-002
3.906250e-002
5.859375e-002
9.375000e-002
1.367188e-001
3.789063e-001
-8.101563e+000
-9.179688e-001
-7.519531e+000
2.695313e-001
6.250000e-002
3.906250e-003
-1.953125e-002
-2.734375e-002
-3.515625e-002
-4.296875e-002
-3.515625e-002
-2.734375e-002
-1.953125e-002
3.906250e-003
6.250000e-002
2.695313e-001
-7.519531e+000
-7.812500e-001
-5.789063e+000
1.210938e-001
-3.125000e-002
-8.203125e-002
-9.765625e-002
-9.765625e-002
-1.054688e-001
-1.015625e-001
-1.054688e-001
-9.765625e-002
-9.765625e-002
-8.203125e-002
-3.125000e-002
1.210938e-001
-5.789063e+000
-5.195313e-001
-3.183594e+000
-3.125000e-002
-1.171875e-001
-1.484375e-001
-1.523438e-001
-1.601563e-001
-1.679688e-001
-1.679688e-001
-1.679688e-001
-1.601563e-001
-1.523438e-001
-1.484375e-001
-1.171875e-001
-3.125000e-002
-3.183594e+000
-1.796875e-001
-8.984375e-002
-1.953125e-001
-1.914063e-001
-1.914063e-001
-1.914063e-001
-1.914063e-001
-1.914063e-001
-1.875000e-001
-1.914063e-001
-1.914063e-001
-1.914063e-001
-1.914063e-001
-1.914063e-001
-1.953125e-001
-8.984375e-002
1.796875e-001
3.007813e+000
-3.281250e-001
-2.460938e-001
-2.070313e-001
-2.031250e-001
-1.914063e-001
-1.914063e-001
-1.875000e-001
-1.914063e-001
-1.914063e-001
-2.031250e-001
-2.070313e-001
-2.460938e-001
-3.281250e-001
3.007813e+000
5.195313e-001
5.656250e+000
-4.101563e-001
-2.460938e-001
-1.914063e-001
-1.757813e-001
-1.640625e-001
-1.679688e-001
-1.679688e-001
-1.679688e-001
-1.640625e-001
-1.757813e-001
-1.914063e-001
-2.460938e-001
-4.101563e-001
5.656250e+000
7.812500e-001
7.441406e+000
-4.179688e-001
-2.070313e-001
-1.445313e-001
-1.210938e-001
-1.171875e-001
-1.054688e-001
-1.015625e-001
-1.093750e-001
-1.171875e-001
-1.210938e-001
-1.445313e-001
-2.070313e-001
-4.179688e-001
7.441406e+000
9.179688e-001
8.101563e+000
-3.789063e-001
-1.367188e-001
-9.375000e-002
-5.859375e-002
-3.906250e-002
-3.906250e-002
-4.296875e-002
-3.906250e-002
-3.906250e-002
-5.859375e-002
-9.375000e-002
-1.367188e-001
-3.789063e-001
8.101563e+000
9.179688e-001
7.519531e+000
-2.695313e-001
-6.250000e-002
-3.906250e-003
1.953125e-002
2.734375e-002
3.515625e-002
4.296875e-002
3.515625e-002
2.734375e-002
1.953125e-002
-3.906250e-003
-6.250000e-002
-2.695313e-001
7.519531e+000
7.812500e-001
5.789063e+000
-1.210938e-001
3.125000e-002
8.203125e-002
9.765625e-002
9.765625e-002
1.054688e-001
1.015625e-001
1.054688e-001
9.765625e-002
9.765625e-002
8.203125e-002
3.125000e-002
-1.210938e-001
5.789063e+000
5.195313e-001
3.183594e+000
3.125000e-002
1.171875e-001
1.484375e-001
1.523438e-001
1.601563e-001
1.679688e-001
1.679688e-001
1.679688e-001
1.601563e-001
1.523438e-001
1.484375e-001
1.171875e-001
3.125000e-002
3.183594e+000
1.796875e-001
8.984375e-002
1.953125e-001
1.914063e-001
1.914063e-001
1.914063e-001
1.914063e-001
1.914063e-001
1.875000e-001
1.914063e-001
1.914063e-001
1.914063e-001
1.914063e-001
1.914063e-001
1.953125e-001
8.984375e-002
-1.796875e-001
-3.007813e+000
3.281250e-001
2.460938e-001
2.070313e-001
2.031250e-001
1.914063e-001
1.914063e-001
1.875000e-001
1.914063e-001
1.914063e-001
2.031250e-001
2.070313e-001
2.460938e-001
3.281250e-001
-3.007813e+000
-5.195313e-001
-5.656250e+000
4.101563e-001
2.460938e-001
1.914063e-001
1.757813e-001
1.640625e-001
1.679688e-001
1.679688e-001
1.679688e-001
1.640625e-001
1.757813e-001
1.914063e-001
2.460938e-001
4.101563e-001
-5.656250e+000
-7.812500e-001
-7.441406e+000
4.179688e-001
2.070313e-001
1.445313e-001
1.210938e-001
1.171875e-001
1.054688e-001
1.015625e-001
1.093750e-001
1.171875e-001
1.210938e-001
1.445313e-001
2.070313e-001
4.179688e-001
-7.441406e+000
-9.179688e-001
-8.101563e+000
3.789063e-001
1.367188e-001
9.375000e-002
5.859375e-002
3.906250e-002
3.906250e-002
4.296875e-002
3.906250e-002
3.906250e-002
5.859375e-002
9.375000e-002
1.367188e-001
3.789063e-001
-8.101563e+000
-9.179688e-001
-7.519531e+000
2.695313e-001
6.250000e-002
3.906250e-003
-1.953125e-002
-2.734375e-002
-3.515625e-002
-4.296875e-002
-3.515625e-002
-2.734375e-002
-1.953125e-002
3.906250e-003
6.250000e-002
2.695313e-001
-7.519531e+000
-7.812500e-001
-5.789063e+000
1.210938e-001
-3.125000e-002
-8.203125e-002
-9.765625e-002
-9.765625e-002
-1.054688e-001
-1.015625e-001
-1.054688e-001
-9.765625e-002
-9.765625e-002
-8.203125e-002
-3.125000e-002
1.210938e-001
-5.789063e+000
-5.195313e-001
-3.183594e+000
-3.125000e-002
-1.171875e-001
-1.484375e-001
-1.523438e-001
-1.601563e-001
-1.679688e-001
-1.679688e-001
-1.679688e-001
-1.601563e-001
-1.523438e-001
-1.484375e-001
-1.171875e-001
-3.125000e-002
-3.183594e+000
-1.679688e-001
-1.367188e-001
-4.687500e-001
-2.539063e-001
-1.484375e-001
-1.132813e-001
-9.765625e-002
-8.593750e-002
-8.203125e-002
-8.593750e-002
-9.765625e-002
-1.132813e-001
-1.484375e-001
-2.539063e-001
-4.687500e-001
-1.367188e-001
7.812500e-003
000
-2.226563e-001
-2.148438e-001
-1.484375e-001
-1.132813e-001
-1.093750e-001
-1.015625e-001
-1.015625e-001
-1.015625e-001
-1.093750e-001
-1.132813e-001
-1.484375e-001
-2.148438e-001
-2.226563e-001
000
